              5
         3         17
    |10|   84   19    6
   22  9   
--------------------------------
              5
         3        |17|
     22    84   19    6
   10  9   
--------------------------------
              5
        |3|        19
     22    84   17    6
   10  9   
--------------------------------
             |5|
        84         19
     22    3    17    6
   10  9   
--------------------------------
              84
        22          19
     10    3     17    6
    5  9   