                              15
              13                               9
       5              12               8               7
   4       0       6       2       1     |10|
----------------------------------------
                              15
              13                               9
       5              12             |10|              7
   4       0       6       2       1       8
----------------------------------------
                              15
              13                             |10|
       5              12               9               7
   4       0       6       2       1       8
----------------------------------------

注：代码见：EG_6_5_1__最大优先队列.cpp test2()函数