                             |15|
              13                               9
       5              12               8               7
   4       0       6       2       1
----------------------------------------
                              |1|
              13                               9
       5              12               8               7
   4       0       6       2
----------------------------------------
                              13
              12                               9
       5               6               8               7
   4       0      |1|      2
----------------------------------------
max: 15

注：代码见：EG_6_5_1__最大优先队列.cpp test1()函数