建完堆：
                              25
              13                              20
       8               7              17               2
   5       4
---------------------------------------------------------------25 13 20 8 7 17 2 5 4
                              20
              13                              17
       8               7               4               2
   5     |25|

---------------------------------------------------------------20 13 17 8 7 4 2 5 |25
                              17
              13                               5
       8               7               4               2
 |20|    |25|

---------------------------------------------------------------17 13 5 8 7 4 2 |20 25
                              13
               8                               5
       2               7               4             |17|
 |20|    |25|

---------------------------------------------------------------13 8 5 2 7 4 |17 20 25
                               8
               7                               5
       2               4             |13|            |17|
 |20|    |25|

---------------------------------------------------------------8 7 5 2 4 |13 17 20 25
                               7
               4                               5
       2              |8|            |13|            |17|
 |20|    |25|

---------------------------------------------------------------7 4 5 2 |8 13 17 20 25
                               5
               4                               2
      |7|             |8|            |13|            |17|
 |20|    |25|

---------------------------------------------------------------5 4 2 |7 8 13 17 20 25
                               4
               2                              |5|
      |7|             |8|            |13|            |17|
 |20|    |25|

---------------------------------------------------------------4 2 |5 7 8 13 17 20 25
                               2
              |4|                             |5|
      |7|             |8|            |13|            |17|
 |20|    |25|

---------------------------------------------------------------2 |4 5 7 8 13 17 20 25